# name: debug
# type: sparse matrix
# nnz: 144
# rows: 12
# columns: 12

1 1 10765128
2 1 1045961.93
3 1 -445379.272
4 1 46961.6648
5 1 276373.928
6 1 210712.424
7 1 -9963959.28
8 1 -801469.864
9 1 206552.927
10 1 -48473.2528
11 1 -268838.33
12 1 -204428.888
1 2 1045961.93
2 2 21893362.9
3 2 2266025.41
4 2 -325481.475
5 2 -60456.0747
6 2 -481632.584
7 2 -244046.77
8 2 -20708403.4
9 2 -2133264.37
10 2 338965.694
11 2 66572.3783
12 2 469774.374
1 3 -445379.272
2 3 2266025.41
3 3 6982760.27
4 3 -71515.8619
5 3 251113.284
6 3 13494.4099
7 3 -174905.24
8 3 -1942453.26
9 3 -6348317.98
10 3 72015.7783
11 3 -252675.322
12 3 -17280.4227
1 4 46961.6648
2 4 -325481.475
3 4 -71515.8619
4 4 36478.986
5 4 -7422.0171
6 4 8199.46158
7 4 -48524.2172
8 4 334124.077
9 4 71992.3911
10 4 -37042.0606
11 4 6757.79772
12 4 -7114.87656
1 5 276373.928
2 5 -60456.0747
3 5 251113.284
4 5 -7422.0171
5 5 44915.3544
6 5 12201.3608
7 5 -297886.505
8 5 51577.9782
9 5 -242201.759
10 5 7954.60322
11 5 -44370.5057
12 5 -12504.8286
1 6 210712.424
2 6 -481632.584
3 6 13494.4099
4 6 8199.46158
5 6 12201.3608
6 6 33583.045
7 6 -223217.12
8 6 480708.664
9 6 -3931.8285
10 6 -9358.29957
11 6 -12217.2464
12 6 -32683.3506
1 7 -9963959.28
2 7 -244046.77
3 7 -174905.24
4 7 -48524.2172
5 7 -297886.505
6 7 -223217.12
7 7 11122204.1
8 7 933662.642
9 7 -514237.827
10 7 49219.5727
11 7 306303.585
12 7 284102.935
1 8 -801469.864
2 8 -20708403.4
3 8 -1942453.26
4 8 334124.077
5 8 51577.9782
6 8 480708.664
7 8 933662.642
8 8 22201217.8
9 8 2462745.43
10 8 -364597.334
11 8 -57102.593
12 8 -520162.101
1 9 206552.927
2 9 -2133264.37
3 9 -6348317.98
4 9 71992.3911
5 9 -242201.759
6 9 -3931.8285
7 9 -514237.827
8 9 2462745.43
9 9 7021071.55
10 9 -81543.523
11 9 237738.411
12 9 7882.99441
1 10 -48473.2528
2 10 338965.694
3 10 72015.7783
4 10 -37042.0606
5 10 7954.60322
6 10 -9358.29957
7 10 49219.5727
8 10 -364597.334
9 10 -81543.523
10 10 38181.6843
11 10 -7252.80732
12 10 7939.89647
1 11 -268838.33
2 11 66572.3783
3 11 -252675.322
4 11 6757.79772
5 11 -44370.5057
6 11 -12217.2464
7 11 306303.585
8 11 -57102.593
9 11 237738.411
10 11 -7252.80732
11 11 44580.503
12 11 12458.3625
1 12 -204428.888
2 12 469774.374
3 12 -17280.4227
4 12 -7114.87656
5 12 -12504.8286
6 12 -32683.3506
7 12 284102.935
8 12 -520162.101
9 12 7882.99441
10 12 7939.89647
11 12 12458.3625
12 12 -66226.3347
