# name: debug
# type: sparse matrix
# nnz: 144
# rows: 12
# columns: 12

1 1 30407.0351
2 1 -26417.7707
3 1 0
4 1 0
5 1 0
6 1 0
7 1 -109393.021
8 1 -27857.1489
9 1 41201.0664
10 1 0
11 1 0
12 1 0
1 2 -26417.7707
2 2 -8975.83376
3 2 0
4 2 0
5 2 0
6 2 0
7 2 55038.5167
8 2 -21223.7997
9 2 -17323.9242
10 2 0
11 2 0
12 2 0
1 3 0
2 3 0
3 3 2.90957541e-12
4 3 0
5 3 0
6 3 0
7 3 92412.9986
8 3 37648.09
9 3 -36169.8416
10 3 0
11 3 0
12 3 0
1 4 0
2 4 0
3 4 0
4 4 2.90957541e-12
5 4 0
6 4 0
7 4 8864.88241
8 4 716.84249
9 4 10296.2814
10 4 0
11 4 0
12 4 0
1 5 0
2 5 0
3 5 0
4 5 0
5 5 2.90957541e-12
6 5 0
7 5 -148220.157
8 5 -54008.5784
9 5 -19072.7999
10 5 0
11 5 0
12 5 0
1 6 0
2 6 0
3 6 0
4 6 0
5 6 0
6 6 2.90957541e-12
7 6 50093.253
8 6 20882.747
9 6 -3133.55181
10 6 0
11 6 0
12 6 0
1 7 -109393.021
2 7 55038.5167
3 7 92412.9986
4 7 8864.88241
5 7 -148220.157
6 7 50093.253
7 7 394388.511
8 7 -50227.6379
9 7 95953.9368
10 7 -9401.42971
11 7 -148107.164
12 7 -38885.9201
1 8 -27857.1489
2 8 -21223.7997
3 8 37648.09
4 8 716.84249
5 8 -54008.5784
6 8 20882.747
7 8 -50227.6379
8 8 405787.795
9 8 85681.2634
10 8 150240.841
11 8 9401.42971
12 8 43548.1105
1 9 41201.0664
2 9 -17323.9242
3 9 -36169.8416
4 9 10296.2814
5 9 -19072.7999
6 9 -3133.55181
7 9 95953.9368
8 9 85681.2634
9 9 47343.7199
10 9 34247.2501
11 9 -38353.2915
12 9 -1.21633296e-12
1 10 0
2 10 0
3 10 0
4 10 0
5 10 0
6 10 0
7 10 -9401.42971
8 10 150240.841
9 10 34247.2501
10 10 55843.7129
11 10 0
12 10 15330.0116
1 11 0
2 11 0
3 11 0
4 11 0
5 11 0
6 11 0
7 11 -148107.164
8 11 9401.42971
9 11 -38353.2915
10 11 0
11 11 55843.7129
12 11 13688.8054
1 12 0
2 12 0
3 12 0
4 12 0
5 12 0
6 12 0
7 12 -38885.9201
8 12 43548.1105
9 12 -1.21633296e-12
10 12 15330.0116
11 12 13688.8054
12 12 7563.83532
